Num       RefCount Protocol Flags    Type St Inode Path
ffff88001f618380: 00000002 00000000 00010000 0001 01 2274304 /run/user/99416823/systemd/private
ffff880036443800: 00000002 00000000 00010000 0005 01 13571 /run/udev/control
ffff88006043a300: 00000002 00000000 00000000 0002 01 2961927 /run/user/99400457/systemd/notify
ffff88007b3cc000: 00000002 00000000 00010000 0001 01 2215431 /tmp/ssh-Om5fwXxtEpLK/agent.17392
ffff880060438700: 00000002 00000000 00010000 0001 01 2961929 /run/user/99400457/systemd/private
ffff880036443b80: 00000002 00000000 00010000 0001 01 13582 /run/lvm/lvmetad.socket
ffff8800364b1180: 00000002 00000000 00010000 0001 01 16912 /var/run/mcelog-client
ffff88006043bb80: 00000002 00000000 00000000 0002 01 4049425 /run/user/1832/systemd/notify
ffff88006043b800: 00000002 00000000 00010000 0001 01 4049427 /run/user/1832/systemd/private
ffff88007b07c700: 00000002 00000000 00010000 0001 01 15649 /var/run/rpcbind.sock
ffff88007b07c380: 00000002 00000000 00010000 0001 01 15651 /var/run/pcscd/pcscd.comm
ffff88007b07df80: 00000002 00000000 00010000 0001 01 15654 /var/run/cups/cups.sock
ffff88007b07e300: 00000002 00000000 00010000 0001 01 15656 /run/dbus/system_bus_socket
ffff88004c568e00: 00000002 00000000 00000000 0002 01 3518507 /run/user/965686/systemd/notify
ffff88004c56bb80: 00000002 00000000 00010000 0001 01 3518509 /run/user/965686/systemd/private
ffff8800364b1c00: 00000002 00000000 00010000 0001 01 18479 /var/run/NetworkManager/private-dhcp
ffff88001f618700: 00000002 00000000 00000000 0002 01 1936187 /run/user/992382/systemd/notify
ffff88001f61ad80: 00000002 00000000 00010000 0001 01 1936189 /run/user/992382/systemd/private
ffff880029c0df80: 00000002 00000000 00000000 0002 01 4145983 /run/user/99398248/systemd/notify
ffff880029c0ea00: 00000002 00000000 00010000 0001 01 4145985 /run/user/99398248/systemd/private
ffff88005f7d8a80: 00000002 00000000 00000000 0002 01 3090507 /run/user/99434942/systemd/notify
ffff88005f7d9c00: 00000002 00000000 00010000 0001 01 3090509 /run/user/99434942/systemd/private
ffff880060439500: 00000002 00000000 00010000 0001 01 2962254 /tmp/ssh-xoCo7jIIw3tD/agent.20849
ffff880030795180: 00000002 00000000 00000000 0002 01 2194523 /run/user/99397165/systemd/notify
ffff880030795c00: 00000002 00000000 00010000 0001 01 2194525 /run/user/99397165/systemd/private
ffff88005f7dbb80: 00000002 00000000 00000000 0002 01 3498088 /run/user/99437132/systemd/notify
ffff88005f7d8380: 00000002 00000000 00010000 0001 01 3498090 /run/user/99437132/systemd/private
ffff88004c569500: 00000002 00000000 00010000 0001 01 3520621 /tmp/ssh-SGoDsHH0sPK6/agent.25855
ffff88001f619500: 00000002 00000000 00010000 0001 01 1941647 /tmp/ssh-xo5w7isC2MJm/agent.23522
ffff88000538f480: 00000002 00000000 00010000 0001 01 3792535 /tmp/ssh-oqxgHQINJJda/agent.10364
ffff880036440a80: 00000002 00000000 00010000 0001 01 16026 /run/gssproxy.sock
ffff88007b3cf100: 00000002 00000000 00010000 0001 01 1076087 /var/lib/mysql/mysql.sock
ffff88007b07f800: 00000002 00000000 00010000 0001 01 16044 /var/run/abrt/abrt.socket
ffff88007b3cc700: 00000002 00000000 00000000 0002 01 2978735 /run/user/99392322/systemd/notify
ffff88007c011c00: 00000002 00000000 00000000 0002 01  9391 /run/systemd/notify
ffff88007c011f80: 00000002 00000000 00010000 0001 01 2978737 /run/user/99392322/systemd/private
ffff88007c012680: 00000026 00000000 00000000 0002 01  9403 /run/systemd/journal/dev-log
ffff88005f7db800: 00000002 00000000 00010000 0001 01 2212541 /tmp/ssh-nHC8uxpnoWsV/agent.16992
ffff88007c012a00: 00000002 00000000 00010000 0001 01  9407 /run/systemd/journal/stdout
ffff88004cf6b800: 00000002 00000000 00010000 0001 01 2981312 /tmp/ssh-B1A46GppM7nc/agent.23661
ffff88007c012d80: 00000010 00000000 00000000 0002 01  9409 /run/systemd/journal/socket
ffff88007c013100: 00000002 00000000 00010000 0001 01 12741 /run/systemd/private
ffff880036441880: 00000002 00000000 00010000 0001 01 16025 /var/lib/gssproxy/default.sock
ffff8800364b0700: 00000002 00000000 00010000 0001 01 17371 /var/run/NetworkManager/private
ffff88000538d180: 00000002 00000000 00000000 0002 01 2513381 /run/user/99423983/systemd/notify
ffff88000538e680: 00000002 00000000 00010000 0001 01 2513383 /run/user/99423983/systemd/private
ffff880029c0c700: 00000002 00000000 00010000 0001 01 3519738 /tmp/ssh-aRjJEx6QczJK/agent.25845
ffff880036443480: 00000002 00000000 00000000 0002 01 13563 /run/systemd/shutdownd
ffff88001f61a680: 00000002 00000000 00000000 0002 01 2274302 /run/user/99416823/systemd/notify
ffff88004c569880: 00000003 00000000 00000000 0001 03 4146003
ffff880004199f80: 00000003 00000000 00000000 0001 03 4127850
ffff88004c490700: 00000003 00000000 00000000 0001 03 4101415
ffff88001bac3480: 00000002 00000000 00000000 0001 03 3426627
ffff88005f7da680: 00000003 00000000 00000000 0001 03 4146376
ffff88004c569f80: 00000003 00000000 00000000 0001 03 4146004
ffff88004c490000: 00000003 00000000 00000000 0001 03 4103404
ffff880004199880: 00000003 00000000 00000000 0001 03 4100638
ffff88006043a680: 00000003 00000000 00000000 0001 03 2961906
ffff880045f83b80: 00000002 00000000 00000000 0001 03 3619847
ffff88007c1ce680: 00000002 00000000 00000000 0002 01 16239
ffff88007b07fb80: 00000003 00000000 00000000 0001 03 4143331 /var/lib/mysql/mysql.sock
ffff880030794e00: 00000002 00000000 00000000 0001 03 3546270
ffff88007b07f480: 00000003 00000000 00000000 0001 03 16050
ffff880045f83480: 00000002 00000000 00000000 0001 03 2998104
ffff88002cb71180: 00000003 00000000 00000000 0001 03 4115126
ffff88004cf6b100: 00000003 00000000 00000000 0001 03 4133846 /var/lib/mysql/mysql.sock
ffff88004c569180: 00000002 00000000 00000000 0001 03 3546269
ffff88001bac3b80: 00000003 00000000 00000000 0001 03 4124047 /var/lib/mysql/mysql.sock
ffff88007b3cca80: 00000003 00000000 00000000 0001 03 4134223
ffff88007c1ced80: 00000003 00000000 00000000 0002 01 14439
ffff88006043ad80: 00000003 00000000 00000000 0001 03 4049439
ffff880030794700: 00000002 00000000 00000000 0001 03 3697449
ffff88005f7dad80: 00000003 00000000 00000000 0001 03 4142388
ffff880045f82d80: 00000002 00000000 00000000 0001 03 2839808
ffff88004cf6aa00: 00000003 00000000 00000000 0001 03 2193984
ffff88002cb70a80: 00000003 00000000 00000000 0001 03 4115645 /var/lib/mysql/mysql.sock
ffff880029c0f800: 00000002 00000000 00000000 0001 03 3535170
ffff88007b07ed80: 00000003 00000000 00000000 0001 03 15850
ffff88007c1cf480: 00000002 00000000 00000000 0002 01 16526
ffff88005f7db480: 00000003 00000000 00000000 0001 03 4142389 /var/lib/mysql/mysql.sock
ffff88007b3cd180: 00000002 00000000 00000000 0002 01 2978725
ffff88006043b480: 00000003 00000000 00000000 0001 03 4132629
ffff880029c0f100: 00000003 00000000 00000000 0001 03 4144102
ffff88007b3cdf80: 00000003 00000000 00000000 0001 03 4142395
ffff88002cb70380: 00000003 00000000 00000000 0001 03 4115127
ffff88004cf6a300: 00000003 00000000 00000000 0001 03 4134840
ffff88001bac2d80: 00000003 00000000 00000000 0001 03 4129624 /var/lib/mysql/mysql.sock
ffff88007b07e680: 00000003 00000000 00000000 0001 03 3498072 /run/systemd/journal/stdout
ffff880045f82680: 00000003 00000000 00000000 0001 03 4143334
ffff88007c1cfb80: 00000002 00000000 00000000 0001 03 3617395
ffff88007b3cd880: 00000003 00000000 00000000 0001 03 1075967
ffff88002cb73b80: 00000002 00000000 00000000 0002 01 2961243
ffff880060438380: 00000003 00000000 00000000 0001 03 2961245 /run/systemd/journal/stdout
ffff880045f81f80: 00000003 00000000 00000000 0001 03 4143333 /var/lib/mysql/mysql.sock
ffff880030796a00: 00000002 00000000 00000000 0001 03 3697451
ffff88007c1cc380: 00000002 00000000 00000000 0002 01 16541
ffff88007b07d880: 00000003 00000000 00000000 0001 03 3497200
ffff88004cf69c00: 00000003 00000000 00000000 0001 03 4134842
ffff88004c492300: 00000003 00000000 00000000 0001 03 4103638
ffff880029c0c000: 00000002 00000000 00000000 0002 01 4145973
ffff880060438a80: 00000003 00000000 00000000 0001 03 4132628
ffff88000419b480: 00000003 00000000 00000000 0001 03 4124050 /var/lib/mysql/mysql.sock
ffff88007b3ced80: 00000003 00000000 00000000 0001 03 4142396
ffff880030796300: 00000002 00000000 00000000 0002 01 2194513
ffff880045f81180: 00000003 00000000 00000000 0001 03 4134843
ffff88007b07d180: 00000003 00000000 00000000 0001 03 16521 /run/systemd/journal/stdout
ffff88004c56b480: 00000002 00000000 00000000 0002 01 3518497
ffff88002cb73480: 00000003 00000000 00000000 0001 03 4096666
ffff88004cf69500: 00000003 00000000 00000000 0001 03 4076720
ffff88000419ad80: 00000002 00000000 00000000 0002 01 4097365
ffff88007c1cd180: 00000003 00000000 00000000 0002 01 14440
ffff880060439180: 00000003 00000000 00000000 0001 03 4134222
ffff88007b3cf480: 00000003 00000000 00000000 0001 03 4143345 /var/lib/mysql/mysql.sock
ffff88005f7d9180: 00000002 00000000 00000000 0002 01 3498075
ffff88004cf68e00: 00000003 00000000 00000000 0001 03 4134841
ffff88001bac0380: 00000003 00000000 00000000 0001 03 3089596 /run/systemd/journal/stdout
ffff88007b07ca80: 00000003 00000000 00000000 0001 03 4143328
ffff88002cb72d80: 00000002 00000000 00000000 0001 03 3000118
ffff880045f80a80: 00000002 00000000 00000000 0001 03 2998108
ffff88007c1cd880: 00000003 00000000 00000000 0001 03 16532
ffff88005f7d9880: 00000003 00000000 00000000 0001 03 4145956 /run/systemd/journal/stdout
ffff88004cf68000: 00000003 00000000 00000000 0001 03 4142382
ffff88000419a680: 00000003 00000000 00000000 0001 03 4124890
ffff880060439880: 00000002 00000000 00000000 0002 01 2961917
ffff88007b3cfb80: 00000003 00000000 00000000 0001 03 4143346 /var/lib/mysql/mysql.sock
ffff880029c0d500: 00000002 00000000 00000000 0001 03 3524448
ffff88002cb72680: 00000002 00000000 00000000 0002 01 4146387
ffff88005f7d9f80: 00000003 00000000 00000000 0001 03 4142387 /var/lib/mysql/mysql.sock
ffff88004cf68700: 00000003 00000000 00000000 0001 03 4133845 /var/lib/mysql/mysql.sock
ffff88004c493800: 00000003 00000000 00000000 0001 03 4103403
ffff88007c1cdf80: 00000002 00000000 00000000 0001 03 3617397
ffff880002216300: 00000003 00000000 00000000 0001 03 4115644 /var/lib/mysql/mysql.sock
ffff880058811880: 00000003 00000000 00000000 0001 03 4143318 /var/lib/mysql/mysql.sock
ffff880078d1ea00: 00000003 00000000 00000000 0001 03 18610 /run/systemd/journal/stdout
ffff880036443100: 00000003 00000000 00000000 0001 03 15965
ffff88005ff8e300: 00000003 00000000 00000000 0001 03 2978841
ffff88006cf5dc00: 00000003 00000000 00000000 0001 03 4114501
ffff88001f61bb80: 00000002 00000000 00000000 0002 01 1936177
ffff8800364b3800: 00000003 00000000 00000000 0001 03 17374 /run/dbus/system_bus_socket
ffff88007c013800: 00000003 00000000 00000000 0001 03 16054 /run/dbus/system_bus_socket
ffff880058811f80: 00000003 00000000 00000000 0001 03 4143332
ffff88000538fb80: 00000003 00000000 00000000 0001 03 4115133 /var/lib/mysql/mysql.sock
ffff880058811180: 00000003 00000000 00000000 0001 03 4128024
ffff880002216a00: 00000003 00000000 00000000 0001 03 4115624
ffff88001f61b480: 00000002 00000000 00000000 0002 01 2274292
ffff880078d1e300: 00000003 00000000 00000000 0001 03 17782
ffff88006cf5d500: 00000003 00000000 00000000 0001 03 4136630
ffff8800364b3100: 00000003 00000000 00000000 0001 03 17373
ffff88005ff8ea00: 00000003 00000000 00000000 0001 03 4143281
ffff88000538ed80: 00000003 00000000 00000000 0001 03 4115654
ffff880036442300: 00000003 00000000 00000000 0001 03 4127849
ffff880002217100: 00000003 00000000 00000000 0001 03 4115643
ffff880058810a80: 00000003 00000000 00000000 0001 03 4129626 /var/lib/mysql/mysql.sock
ffff88005ff8f100: 00000003 00000000 00000000 0001 03 4143279
ffff88006cf5ce00: 00000003 00000000 00000000 0001 03 4133746
ffff8800364b2a00: 00000002 00000000 00000000 0002 01 4083245
ffff880036442a00: 00000002 00000000 00000000 0002 01 4127837
ffff880078d1f100: 00000003 00000000 00000000 0001 03 2274479
ffff880058810380: 00000003 00000000 00000000 0001 03 4143320 /var/lib/mysql/mysql.sock
ffff880002217800: 00000003 00000000 00000000 0001 03 4115630
ffff8800364b2300: 00000003 00000000 00000000 0001 03 17154 /run/systemd/journal/stdout
ffff88005ff8f800: 00000003 00000000 00000000 0001 03 4143280 /var/lib/mysql/mysql.sock
ffff88005ff8c700: 00000003 00000000 00000000 0001 03 4049409 /run/systemd/journal/stdout
ffff88006cf5f800: 00000003 00000000 00000000 0001 03 4136629
ffff88001f619f80: 00000002 00000000 00000000 0001 03 3659759
ffff880058813b80: 00000003 00000000 00000000 0001 03 4143319
ffff88000538df80: 00000002 00000000 00000000 0002 01 2513371
ffff880002214000: 00000003 00000000 00000000 0001 03 4115131 /var/lib/mysql/mysql.sock
ffff880002214700: 00000003 00000000 00000000 0001 03 4115636
ffff88000538d880: 00000002 00000000 00000000 0002 01 2513368
ffff88001f619880: 00000002 00000000 00000000 0001 03 3659753
ffff88005ff8c000: 00000002 00000000 00000000 0002 01 4049415
ffff880078d1ce00: 00000003 00000000 00000000 0001 03 17664
ffff880036441500: 00000002 00000000 00000000 0002 01 15956
ffff88006cf5f100: 00000002 00000000 00000000 0002 01 4136617
ffff8800364b1500: 00000003 00000000 00000000 0001 03 16969 /run/systemd/journal/stdout
ffff88005ff8ce00: 00000003 00000000 00000000 0001 03 4049405
ffff880078d1c000: 00000003 00000000 00000000 0001 03 2274493 /run/systemd/journal/stdout
ffff880058813480: 00000003 00000000 00000000 0001 03 4129625 /var/lib/mysql/mysql.sock
ffff880002214e00: 00000003 00000000 00000000 0001 03 4115631 /var/lib/mysql/mysql.sock
ffff880078d1c700: 00000003 00000000 00000000 0001 03 17475 /run/systemd/journal/stdout
ffff880036441c00: 00000003 00000000 00000000 0001 03 16011
ffff88005ff8d500: 00000003 00000000 00000000 0001 03 4116234
ffff880036440000: 00000003 00000000 00000000 0001 03 16037 /run/gssproxy.sock
ffff88006cf5ea00: 00000003 00000000 00000000 0001 03 4117542
ffff8800364b0e00: 00000003 00000000 00000000 0001 03 4108854
ffff880058812d80: 00000003 00000000 00000000 0001 03 4128026
ffff88001f618a80: 00000003 00000000 00000000 0001 03 4115128 /var/lib/mysql/mysql.sock
ffff880078d1dc00: 00000002 00000000 00000000 0002 01 2274485
ffff880036440700: 00000003 00000000 00000000 0001 03 13666 /run/systemd/journal/stdout
ffff880002215500: 00000003 00000000 00000000 0001 03 4115629 /var/lib/mysql/mysql.sock
ffff88000538ca80: 00000003 00000000 00000000 0001 03 2513362
ffff88006cf5e300: 00000003 00000000 00000000 0001 03 4117543 /var/lib/mysql/mysql.sock
ffff88005ff8dc00: 00000003 00000000 00000000 0001 03 2978845 /run/systemd/journal/stdout
ffff880036440e00: 00000002 00000000 00000000 0002 01 16013
ffff8800364b0000: 00000002 00000000 00000000 0002 01 17362
ffff88000538c380: 00000003 00000000 00000000 0001 03 1936155 /run/systemd/journal/stdout
ffff880058812680: 00000003 00000000 00000000 0001 03 4143316 /var/lib/mysql/mysql.sock
ffff880002215c00: 00000003 00000000 00000000 0001 03 4115641
ffff88005f7da300: 00000003 00000000 00000000 0001 03 4142394
ffff88004cf6bb80: 00000003 00000000 00000000 0001 03 4142384
ffff880030794a80: 00000002 00000000 00000000 0001 03 3697452
ffff88007c1ce300: 00000003 00000000 00000000 0001 03 14429 /run/systemd/journal/stdout
ffff880029c0ed80: 00000002 00000000 00000000 0002 01 3517994
ffff88004c569c00: 00000002 00000000 00000000 0001 03 3546268
ffff88001bac3100: 00000002 00000000 00000000 0001 03 3426629
ffff88002cb71c00: 00000003 00000000 00000000 0001 03 4096667
ffff880004199500: 00000003 00000000 00000000 0001 03 4100639
ffff88007b3cce00: 00000003 00000000 00000000 0001 03 4083258
ffff880030794380: 00000002 00000000 00000000 0001 03 2838443
ffff88007c1cea00: 00000003 00000000 00000000 0001 03 17166 /run/systemd/journal/stdout
ffff880045f83100: 00000003 00000000 00000000 0001 03 4133848 /var/lib/mysql/mysql.sock
ffff88007b07f100: 00000003 00000000 00000000 0001 03 16513 /run/systemd/journal/stdout
ffff88004cf6b480: 00000002 00000000 00000000 0002 01 4076707
ffff88002cb71500: 00000002 00000000 00000000 0001 03 3000120
ffff880029c0e680: 00000003 00000000 00000000 0001 03 4143342
ffff88001bac3800: 00000003 00000000 00000000 0001 03 3089564
ffff880030795880: 00000002 00000000 00000000 0001 03 3426017
ffff88007c1cf100: 00000003 00000000 00000000 0001 03 16762
ffff88006043b100: 00000002 00000000 00000000 0002 01 4134215
ffff880029c0fb80: 00000003 00000000 00000000 0001 03 3517988
ffff88007b3cd500: 00000003 00000000 00000000 0001 03 1075033 /run/systemd/journal/stdout
ffff88005f7db100: 00000003 00000000 00000000 0001 03 4142386
ffff880004198e00: 00000003 00000000 00000000 0001 03 4101418 /var/lib/mysql/mysql.sock
ffff88001bac2300: 00000003 00000000 00000000 0001 03 4124048
ffff88004c491180: 00000002 00000000 00000000 0002 01 4103625
ffff88002cb70e00: 00000002 00000000 00000000 0001 03 3000109
ffff88007b07ea00: 00000003 00000000 00000000 0001 03 16051
ffff88004cf6ad80: 00000003 00000000 00000000 0001 03 4142326 /var/lib/mysql/mysql.sock
ffff880045f82a00: 00000002 00000000 00000000 0001 03 3619848
ffff88007c1cf800: 00000002 00000000 00000000 0002 01 14407
ffff880004198700: 00000003 00000000 00000000 0001 03 4100640
ffff88004c568000: 00000002 00000000 00000000 0001 03 3524954
ffff88004cf6a680: 00000003 00000000 00000000 0001 03 4142325
ffff88002cb70700: 00000003 00000000 00000000 0001 03 4115125
ffff880004198000: 00000003 00000000 00000000 0001 03 4101419 /var/lib/mysql/mysql.sock
ffff88004c491880: 00000003 00000000 00000000 0001 03 4101416 /var/lib/mysql/mysql.sock
ffff88004c568700: 00000002 00000000 00000000 0001 03 3534471
ffff880029c0f480: 00000003 00000000 00000000 0001 03 3517999 /run/systemd/journal/stdout
ffff88001bac2a00: 00000002 00000000 00000000 0002 01 3089570
ffff880045f82300: 00000003 00000000 00000000 0001 03 4143335 /var/lib/mysql/mysql.sock
ffff88007b07dc00: 00000003 00000000 00000000 0001 03 4143330
ffff88007c1cc000: 00000003 00000000 00000000 0001 03 16237
ffff88001bac1500: 00000003 00000000 00000000 0001 03 4129623
ffff88005f7d8000: 00000002 00000000 00000000 0002 01 4050322
ffff88004c56b800: 00000002 00000000 00000000 0001 03 3534469
ffff88004cf69880: 00000003 00000000 00000000 0001 03 2194504 /run/systemd/journal/stdout
ffff880029c0ca80: 00000003 00000000 00000000 0001 03 4143343 /var/lib/mysql/mysql.sock
ffff88002cb73800: 00000003 00000000 00000000 0001 03 4115124
ffff880060438000: 00000003 00000000 00000000 0001 03 4049438
ffff88007b3ce300: 00000003 00000000 00000000 0001 03 4143347 /var/lib/mysql/mysql.sock
ffff88000419b800: 00000003 00000000 00000000 0001 03 4124891 /var/lib/mysql/mysql.sock
ffff88005f7d8700: 00000002 00000000 00000000 0002 01 3498078
ffff88004cf69f80: 00000002 00000000 00000000 0002 01 1294461
ffff880045f81500: 00000002 00000000 00000000 0001 03 2849747
ffff88007b07d500: 00000003 00000000 00000000 0001 03 15943
ffff880029c0c380: 00000002 00000000 00000000 0002 01 4144090
ffff88002cb73100: 00000003 00000000 00000000 0001 03 4115638 /var/lib/mysql/mysql.sock
ffff88001bac1c00: 00000003 00000000 00000000 0001 03 4124046
ffff88004cf69180: 00000003 00000000 00000000 0001 03 4076719
ffff88004c56b100: 00000002 00000000 00000000 0001 03 3524956
ffff88000419b100: 00000003 00000000 00000000 0001 03 4124892
ffff88005f7d8e00: 00000002 00000000 00000000 0002 01 3090496
ffff88007c1cce00: 00000003 00000000 00000000 0001 03 16963 /run/systemd/journal/stdout
ffff88001bac0700: 00000003 00000000 00000000 0001 03 4124049 /var/lib/mysql/mysql.sock
ffff88004cf68a80: 00000002 00000000 00000000 0002 01 2193990
ffff880029c0d880: 00000003 00000000 00000000 0001 03 4144103
ffff88002cb72a00: 00000003 00000000 00000000 0001 03 4115635 /var/lib/mysql/mysql.sock
ffff88004c493480: 00000002 00000000 00000000 0002 01 4103391
ffff88007b07ce00: 00000002 00000000 00000000 0002 01 4050331
ffff880030797b80: 00000002 00000000 00000000 0001 03 2838446
ffff88007c1cd500: 00000003 00000000 00000000 0001 03 16052 /run/dbus/system_bus_socket
ffff88005f7d9500: 00000003 00000000 00000000 0001 03 4142385 /var/lib/mysql/mysql.sock
ffff88004c56a300: 00000002 00000000 00000000 0002 01 4145991
ffff88004cf68380: 00000003 00000000 00000000 0001 03 4142383 /var/lib/mysql/mysql.sock
ffff880045f80700: 00000003 00000000 00000000 0001 03 4133847 /var/lib/mysql/mysql.sock
ffff88007b07c000: 00000003 00000000 00000000 0001 03 4143329 /var/lib/mysql/mysql.sock
ffff88007c1cdc00: 00000003 00000000 00000000 0001 03 14405
ffff88004c493b80: 00000003 00000000 00000000 0001 03 4103637
ffff88000419a300: 00000003 00000000 00000000 0001 03 4101417 /var/lib/mysql/mysql.sock
ffff880060439c00: 00000002 00000000 00000000 0002 01 4132616
ffff88005ff8e680: 00000003 00000000 00000000 0001 03 4143277
ffff88006cf5d880: 00000003 00000000 00000000 0001 03 4133747
ffff880078d1ed80: 00000003 00000000 00000000 0001 03 19924
ffff880058811c00: 00000003 00000000 00000000 0001 03 4120084
ffff880002216680: 00000003 00000000 00000000 0001 03 4115628
ffff88000538f800: 00000002 00000000 00000000 0002 01 1934741
ffff88001f61b800: 00000002 00000000 00000000 0001 03 3659755
ffff8800364b3b80: 00000002 00000000 00000000 0002 01 18456
ffff88007c013b80: 00000003 00000000 00000000 0001 03 16663
ffff8800364b3480: 00000003 00000000 00000000 0001 03 17289 /run/dbus/system_bus_socket
ffff88005ff8ed80: 00000003 00000000 00000000 0001 03 4117545 /var/lib/mysql/mysql.sock
ffff880058811500: 00000003 00000000 00000000 0001 03 4128027
ffff880002216d80: 00000003 00000000 00000000 0001 03 4115647 /var/lib/mysql/mysql.sock
ffff880078d1e680: 00000003 00000000 00000000 0001 03 18454 /run/dbus/system_bus_socket
ffff8800364b2d80: 00000002 00000000 00000000 0002 01 4108847
ffff880078d1fb80: 00000003 00000000 00000000 0001 03 4058319
ffff88005ff8f480: 00000003 00000000 00000000 0001 03 4143282 /var/lib/mysql/mysql.sock
ffff880036442680: 00000003 00000000 00000000 0001 03 4117546 /var/lib/mysql/mysql.sock
ffff880058810e00: 00000003 00000000 00000000 0001 03 4143313
ffff88000538ea00: 00000003 00000000 00000000 0001 03 4115652
ffff880002217480: 00000003 00000000 00000000 0001 03 4115637 /var/lib/mysql/mysql.sock
ffff880002217b80: 00000003 00000000 00000000 0001 03 4115625 /var/lib/mysql/mysql.sock
ffff880058810000: 00000003 00000000 00000000 0001 03 4143317
ffff88006cf5c380: 00000002 00000000 00000000 0002 01 4133739
ffff8800364b2680: 00000003 00000000 00000000 0001 03 16909
ffff88005ff8fb80: 00000003 00000000 00000000 0001 03 4116235
ffff88001f61a300: 00000003 00000000 00000000 0001 03 4108855
ffff880058810700: 00000003 00000000 00000000 0001 03 4128025 /var/lib/mysql/mysql.sock
ffff88000538e300: 00000002 00000000 00000000 0001 03 3696540
ffff880036442d80: 00000003 00000000 00000000 0001 03 16608 /run/systemd/journal/stdout
ffff880002214380: 00000003 00000000 00000000 0001 03 4115651
ffff880058813800: 00000003 00000000 00000000 0001 03 4143314 /var/lib/mysql/mysql.sock
ffff88000538dc00: 00000003 00000000 00000000 0001 03 4115132 /var/lib/mysql/mysql.sock
ffff8800364b1f80: 00000003 00000000 00000000 0001 03 17288
ffff880078d1ca80: 00000002 00000000 00000000 0002 01 4058307
ffff880036441180: 00000003 00000000 00000000 0001 03 13665
ffff88005ff8c380: 00000003 00000000 00000000 0001 03 4117544 /var/lib/mysql/mysql.sock
ffff8800364b1880: 00000003 00000000 00000000 0001 03 17040
ffff880058813100: 00000002 00000000 00000000 0002 01 4120071
ffff88000538d500: 00000003 00000000 00000000 0001 03 1934735
ffff880002214a80: 00000003 00000000 00000000 0001 03 4115627 /var/lib/mysql/mysql.sock
ffff880078d1c380: 00000003 00000000 00000000 0001 03 17474
ffff88005ff8ca80: 00000003 00000000 00000000 0001 03 4083257
ffff880036441f80: 00000003 00000000 00000000 0001 03 16030
ffff88001f618e00: 00000002 00000000 00000000 0001 03 3659757
ffff880078d1d880: 00000003 00000000 00000000 0001 03 4058320
ffff880036440380: 00000003 00000000 00000000 0001 03 16053 /run/dbus/system_bus_socket
ffff880002215180: 00000003 00000000 00000000 0001 03 4115626
ffff880058812a00: 00000003 00000000 00000000 0001 03 4120083
ffff88000538ce00: 00000003 00000000 00000000 0001 03 4115134 /var/lib/mysql/mysql.sock
ffff88006cf5ed80: 00000002 00000000 00000000 0002 01 4114489
ffff88005ff8d180: 00000003 00000000 00000000 0001 03 4143278 /var/lib/mysql/mysql.sock
ffff8800364b0a80: 00000002 00000000 00000000 0002 01 17399
ffff88005ff8df80: 00000003 00000000 00000000 0001 03 4116233
ffff880078d1d180: 00000003 00000000 00000000 0001 03 17665 /run/dbus/system_bus_socket
ffff880058812300: 00000003 00000000 00000000 0001 03 4143315
ffff88000538c700: 00000003 00000000 00000000 0001 03 2512616 /run/systemd/journal/stdout
ffff880002215880: 00000003 00000000 00000000 0001 03 4115642 /var/lib/mysql/mysql.sock
ffff880002215f80: 00000003 00000000 00000000 0001 03 4115646
ffff88000538c000: 00000003 00000000 00000000 0001 03 4115653
ffff8800364b0380: 00000002 00000000 00000000 0002 01 18490
ffff88006cf5e680: 00000003 00000000 00000000 0001 03 4114502
ffff88005ff8d880: 00000002 00000000 00000000 0002 01 2978850
