sk       Eth Pid    Groups   Rmem     Wmem     Dump     Locks     Drops     Inode
ffff88007af3b000 0   2675966560 00000551 0        0        0 2        0        17382   
ffff88007af3a800 0   1958740576 00000000 0        0        0 2        0        17381   
ffff88007c9b0000 0   0      00000000 0        0        0 2        0        7       
ffff88007c00f800 4   0      00000000 0        0        0 2        0        9291    
ffff880036a7a800 6   0      00000000 0        0        0 2        0        9292    
ffff88007c924800 7   0      00000000 0        0        0 2        0        1135    
ffff8800369b7800 9   1      00000001 0        0        0 2        0        1314    
ffff88007a220000 9   470    00000000 0        0        0 2        0        15952   
ffff88007c921000 9   0      00000000 0        0        0 2        0        1115    
ffff8800364d0000 9   4294963186 00000000 0        0        0 2        0        13559   
ffff88007c00b000 10  0      00000000 0        0        0 2        0        7752    
ffff88007cab8800 11  0      00000000 0        0        0 2        0        19      
ffff88007b27d000 12  0      00000000 0        0        0 2        0        2986710 
ffff88007acda800 15  4294963172 00000002 0        0        0 2        0        16530   
ffff88007b27a000 15  22113  00000002 0        0        0 2        0        1936184 
ffff88000237b800 15  23400  00000002 0        0        0 2        0        2978732 
ffff88007af3d800 15  608    00000002 0        0        0 2        0        17383   
ffff88007add8000 15  14427  00000002 0        0        0 2        0        2513378 
ffff88007acdb000 15  4294963171 00000002 0        0        0 2        0        16531   
ffff88007a225000 15  28238  00000002 0        0        0 2        0        4049422 
ffff880035f0c000 15  1      00000002 0        0        0 2        0        12738   
ffff880045ed5800 15  4170   00000002 0        0        0 2        0        4145980 
ffff880065b6e800 15  28154  00000002 0        0        0 2        0        2274299 
ffff880036b64800 15  12529  00000002 0        0        0 2        0        2194520 
ffff8800364d1800 15  4294963185 00000001 0        0        0 2        0        13587   
ffff88007acd9800 15  483    00000002 0        0        0 2        0        16528   
ffff88007addc000 15  4294963170 00000002 0        0        0 2        0        17681   
ffff88007acda000 15  4294963173 00000002 0        0        0 2        0        16529   
ffff880045ed4800 15  30960  00000002 0        0        0 2        0        3090504 
ffff88007b27c000 15  20780  00000002 0        0        0 2        0        2961924 
ffff880065b6d000 15  25676  00000002 0        0        0 2        0        3518504 
ffff8800017bf000 15  22877  00000002 0        0        0 2        0        3498085 
ffff88007c9b1000 15  0      00000000 0        0        0 2        0        9       
ffff88007cabc000 16  0      00000000 0        0        0 2        0        27      
ffff88007caba000 18  0      00000000 0        0        0 2        0        22      
